[c11.jpg]
text=1;133;11;Coming soon;Arial;-0.014805,0.847216,0.191090,5.497787;v1,4280892097,4289421605,128.000000,1.000000,0.500000,1.000000,700,2,49152;;
backuphash=10448
textactive=1
